start=1007.600000
volume=86.000000
