start=204.746208
volume=130.000000
