start=131.281000
volume=95.000000
