start=499.920000
volume=86.000000
