start=479.275000
volume=86.000000
