start=1924.965000
volume=86.000000
