start=203.536000
volume=86.000000
