start=5.138467
volume=70.000000
