start=642.960000
volume=101.000000
