start=338.538000
volume=130.000000
