start=299.533000
volume=86.000000
