start=1129.962000
volume=130.000000
sub-ass-override=force
