start=104.792000
volume=130.000000
