start=326.910000
volume=95.000000
