start=545.170000
volume=95.000000
