start=841.299000
volume=116.000000
sid=1
