start=1.208000
volume=86.000000
