start=315.549000
volume=95.000000
