start=1692.482000
volume=86.000000
video-zoom=0.000000
