start=16.349667
volume=70.000000
