start=1278.199000
volume=86.000000
