start=2005.670000
volume=86.000000
