start=1396.186000
volume=95.000000
