start=1.320000
volume=70.000000
