start=1211.752000
volume=86.000000
