start=1150.274000
volume=97.000000
