start=129.880000
volume=101.099991
video-zoom=0.000000
