start=1299.880000
volume=70.000000
