start=332.632000
volume=130.000000
sid=1
