start=1348.430000
volume=95.000000
