start=1.543000
volume=95.000000
