start=438.872000
volume=130.000000
