start=149.650000
volume=95.000000
