start=0.918000
volume=103.000000
