start=572.822000
volume=130.000000
