start=585.985000
volume=95.000000
