start=333.080000
volume=86.000000
