start=319.486000
volume=95.000000
