start=199.116000
volume=130.000000
