start=251.117533
volume=98.000000
sub-scale=0.700000
sub-ass-override=force
