start=610.490000
volume=95.000000
