start=1261.927000
volume=100.316765
