start=666.599000
volume=130.000000
