start=1.001000
volume=99.000000
