start=1553.917000
volume=86.000000
