start=217.200500
audio-delay=0.084000
contrast=-1.000000
vf=bwdif
af=acompressor=ratio=4,loudnorm
aid=1
sid=1
video-zoom=0.300000
