start=1907.406000
volume=86.000000
