start=73.573000
volume=95.000000
