start=825.574750
volume=95.000000
