start=1178.010000
volume=70.000000
