start=965.120000
volume=130.000000
