start=99.474000
volume=70.000000
