start=244.777867
volume=70.000000
