start=1298.495780
volume=86.000000
