start=192.560000
volume=70.000000
