start=2412.076333
volume=130.000000
