start=425.446000
volume=70.000000
sub-scale=0.700000
sub-ass-override=force
