start=22.856167
volume=70.000000
