start=4.520000
volume=95.000000
