start=995.000000
volume=130.000000
sid=1
sub-pos=99.000000
