start=1.043000
volume=99.000000
sid=no
