start=65.375000
volume=103.000000
