start=26.066667
volume=130.000000
sub-ass-override=force
