start=433.099000
volume=70.000000
