start=227.860967
volume=86.000000
