start=148.916000
volume=70.000000
