start=83.149733
volume=30.000000
