start=150.178416
volume=86.000000
