start=94.292000
volume=86.000000
video-zoom=0.500000
