start=2490.488000
volume=86.000000
