start=22.520000
volume=95.000000
