start=28.828800
volume=34.000000
