start=153.028000
volume=86.000000
