start=0.000000
volume=99.000000
