start=1032.491000
volume=95.000000
