start=1299.840000
volume=130.000000
