start=125.960000
volume=70.000000
