start=11.811800
volume=70.000000
