start=168.632000
volume=130.000000
