start=185.480000
volume=70.000000
