start=189.240000
volume=70.000000
