start=678.761000
volume=130.000000
