start=1350.616000
volume=130.000000
