start=478.102622
volume=130.000000
