start=9.040000
volume=95.000000
