start=57.265542
volume=130.000000
