start=350.308292
volume=99.000000
