start=296.880000
volume=95.000000
