start=17.768000
volume=86.000000
