start=674.883000
volume=90.316765
