start=616.366000
volume=100.316765
