start=487.362000
volume=130.000000
