start=315.273000
volume=103.000000
