start=120.302000
volume=70.000000
