start=6.297958
volume=130.000000
