start=1447.160000
volume=70.000000
