start=174.048875
volume=130.000000
