start=196.375000
volume=70.000000
