start=56.723000
volume=95.000000
