start=303.220000
volume=86.000000
