start=111.695000
volume=95.000000
