start=1131.864000
volume=70.000000
vf=bwdif
