start=531.000000
volume=103.000000
