start=805.930125
volume=70.000000
sub-visibility=no
sub-scale=0.700000
