start=618.618000
volume=99.000000
