start=61.750000
volume=86.000000
