start=253.667000
volume=103.000000
