start=125.667000
volume=102.000000
