start=92.759000
volume=70.000000
