start=1788.707000
volume=95.000000
