start=1425.883000
volume=95.000000
