start=2943.106833
volume=130.000000
