start=445.478367
volume=70.000000
