start=4197.368416
volume=130.000000
sub-pos=99.000000
