start=665.331000
volume=86.000000
