start=2036.601233
volume=70.000000
