start=2143.808333
sub-scale=0.700000
sub-ass-override=force
