start=253.445578
volume=62.000000
sub-scale=0.700000
sub-ass-override=force
