start=191.125000
volume=95.000000
