start=19.586233
contrast=-1.000000
video-zoom=0.300000
