start=447.280000
volume=128.000000
