start=19.686000
volume=70.000000
