start=7.174000
volume=70.000000
