start=318.360000
volume=129.000000
