start=667.000000
volume=129.833328
sid=3
