start=2.336000
volume=101.000000
