start=1.210000
volume=86.000000
