start=1.168000
volume=99.000000
