start=382.387000
volume=99.000000
