start=116.149367
contrast=-1.000000
