start=205.638767
volume=62.000000
sub-scale=0.700000
sub-ass-override=force
