start=44.669000
volume=62.000000
sub-scale=0.700000
sub-ass-override=force
