start=618.493000
volume=95.000000
