start=214.761000
volume=86.000000
