start=2.000000
volume=95.000000
