start=337.420000
volume=99.000000
