start=10.677333
volume=70.000000
