start=1014.514000
volume=95.000000
