start=21.621600
volume=48.000000
sub-scale=0.700000
sub-ass-override=force
