start=11.811800
volume=34.000000
