start=0.000000
speed=1.100000
volume=70.000000
contrast=-1.000000
