start=1036.078000
volume=101.099991
