start=103.603500
volume=86.000000
