start=3.878875
volume=130.000000
