start=4.838167
volume=130.000000
