start=228.853625
volume=130.000000
