start=9.932000
volume=95.000000
