start=6.590000
volume=86.000000
