start=9.009000
volume=102.000000
