start=15.040000
volume=99.000000
