start=262.084000
volume=70.000000
sub-delay=-3.999998
sub-visibility=no
