start=454.412000
volume=99.000000
