start=879.876159
volume=86.000000
