start=136.236100
volume=86.000000
