start=218.343000
volume=99.099991
video-zoom=0.600000
