start=977.106000
volume=95.000000
