start=109.043000
volume=70.000000
