start=349.432411
volume=129.833328
