start=219.928000
volume=130.000000
