start=1434.120000
volume=70.000000
