start=131.720000
volume=70.000000
