start=12.480000
volume=129.833328
sid=3
