start=1173.255000
volume=99.000000
