start=185.273000
volume=95.000000
sid=1
