start=15.281933
volume=86.000000
