start=28.240000
volume=86.000000
