start=58.358300
volume=86.000000
