start=50.925875
volume=129.000000
