start=118.352000
volume=101.000000
