start=191.658000
volume=130.000000
