start=1149.696245
volume=86.000000
