start=887.015000
volume=70.000000
sub-scale=0.700000
